-2 -2 -2 -2 -2 -2 -2 -2 -2 -2 // // // -2 -2 -2 -2 -2 -2 -2 -2 -2 -2
-2 st -1 01 02 03 04 05 06 -2 // // // -2 00 -1 01 02 03 04 05 06 -2
-2 07 -1 -1 -1 08 09 10 11 -2 // // // -2 07 -1 -1 -1 08 09 10 11 -2
-2 12 13 14 -1 15 -1 16 e1 -2 // // // -2 12 13 14 -1 15 -1 16 e2 -2
-2 18 19 -1 -1 -1 -1 20 21 -2 // // // -2 18 19 -1 -1 -1 -1 20 21 -2
-2 22 -1 -1 23 24 25 26 27 -2 // // // -2 22 -1 -1 23 24 25 26 27 -2
-2 28 29 -1 30 -1 -1 -1 e1 -2 // // // -2 28 29 -1 -1 -1 -1 -1 e2 -2
-2 32 33 -1 -1 -1 34 -1 35 -2 -2 -2 -2 -2 32 33 -1 30 24 34 -1 35 -2
-2 36 37 38 39 40 41 42 43 d2 00 00 00 d1 36 37 38 39 40 41 42 43 -2
-2 -2 -2 -2 -2 -2 -2 -2 -2 -2 -2 -2 -2 -2 -2 -2 -2 -2 -2 -2 -2 d3 -2
// // // // // // // // // // // // // // // // // // // // -2 00 -2
// // // // // // // // // // // // // // // // // // // // -2 00 -2
// // // // // // // // // // // // // // // // // // // // -2 00 -2
-2 -2 -2 -2 -2 -2 -2 -2 -2 -2 // // // -2 -2 -2 -2 -2 -2 -2 -2 d2 -2
-2 00 -1 01 02 03 04 05 06 -2 // // // -2 00 -1 01 02 03 04 05 06 -2
-2 07 -1 -1 -1 -1 09 10 11 -2 // // // -2 07 -1 -1 -1 -1 09 10 11 -2
-2 12 13 14 15 -1 08 16 17 -2 // // // -2 12 13 14 e2 -1 15 16 e1 -2
-2 18 19 -1 -1 -1 -1 20 21 -2 -2 -2 -2 -2 18 19 -1 -1 -1 -1 20 21 -2
-2 22 -1 -1 23 24 25 26 27 d3 00 00 00 d4 22 -1 -1 23 24 25 26 27 -2
-2 28 29 -1 30 00 00 00 31 -2 -2 -2 -2 -2 28 29 -1 e1 -1 -1 -1 e2 -2
-2 32 33 -1 00 00 34 00 35 -2 // // // -2 32 33 -1 -1 -1 34 -1 35 -2
-2 36 37 38 39 40 41 42 43 -2 // // // -2 36 37 38 39 40 41 42 43 -2
-2 -2 -2 -2 -2 -2 -2 -2 -2 -2 // // // -2 -2 -2 -2 -2 -2 -2 -2 -2 -2